0.001
0.415
0.829
1.243
1.657
2.071
2.485
2.899
3.313
3.727
4.141
4.555
4.969
5.383
5.797
6.211
6.625
7.039
7.453
7.867
8.281
8.695
9.109
9.523
9.937
10.351
10.765
11.179
11.593
12.007
12.421
12.835
13.249
13.663
14.077
14.491
14.905
15.319
15.733
16.147
16.561
16.975
17.389
17.803
18.217
18.631
19.045
19.459
19.873
20.287
20.701
21.115
21.529
21.943
22.357
22.771
23.185
23.599
24.013
24.427
24.841
25.255
25.669
26.083
26.497
26.911
27.325
27.739
28.153
28.567
28.981
29.395
29.809
30.223
30.637
31.051
31.465
31.879
32.293
32.707
33.121
33.535
33.949
34.363
34.777
35.191
35.605
36.019
36.433
36.847
37.261
37.675
38.089
38.503
38.917
39.331
39.745
40.159
40.573
40.987
41.401
41.815
42.229
42.643
43.057
43.471
43.885
44.299
44.713
45.127
45.541
45.955
46.369
46.783
47.197
47.611
48.025
48.439
48.853
49.267
49.681
50.095
50.509
50.923
51.337
51.751
52.165
52.579
52.993
53.407
53.821
54.235
54.649
55.063
55.477
55.891
56.305
56.719
57.133
57.547
57.961
58.375
58.789
59.203
59.617
60.031
60.445
60.859
61.273
61.687
62.101
62.515
62.929
63.343
63.757
64.171
64.585
64.999
65.413
65.827
66.241
66.655
67.069
67.483
67.897
68.311
68.725
69.139
69.553
69.967
70.381
70.795
71.209
71.623
72.037
72.451
72.865
73.279
73.693
74.107
74.521
74.935
75.349
75.763
76.177
76.591
77.005
77.419
77.833
78.247
78.661
79.075
79.489
79.903
80.317
80.731
81.145
81.559
81.973
82.387
82.801
83.215
83.629
84.043
84.457
84.871
85.285
85.699
86.113
86.527
86.941
87.355
87.769
88.183
88.597
89.011
89.425
89.839
90.253
90.667
91.081
91.495
91.909
92.323
92.737
93.151
93.565
93.979
94.393
94.807
95.221
95.635