0.015000
0.515000
1.015000
1.515000
2.015000
2.515000
3.015000
4.015000
4.515000
5.015000
5.515000
6.015000
6.515000
7.015000
8.015000
8.515000
9.015000
9.515000
10.015000
10.515000
11.015000
12.015000
12.515000
13.015000
13.515000
14.015000
14.515000
15.015000
16.015000
16.515000
17.015000
17.515000
18.015000
18.515000
19.015000
20.015000
20.515000
21.015000
21.515000
22.015000
22.515000
23.015000
24.015000
24.515000
25.015000
25.515000
26.015000
26.515000
27.015000
28.015000
28.515000
29.015000
29.515000
30.015000
30.515000
31.015000
32.015000
32.515000
33.015000
33.515000
34.015000
34.515000
35.015000
36.015000
36.515000
37.015000
37.515000
38.015000
38.515000
39.015000
40.015000
40.515000
41.015000
41.515000
42.015000
42.515000
43.015000
44.015000
44.515000
45.015000
45.515000
46.015000
46.515000
47.015000
48.015000
48.515000
49.015000
49.515000
50.015000
50.515000
51.015000
52.015000
52.515000
53.015000
53.515000
54.015000
54.515000
55.015000
56.015000
56.515000
57.015000
57.515000
58.015000
58.515000
59.015000
60.015000
60.515000
61.015000
61.515000
62.015000
62.515000
63.015000
64.015000
64.515000
65.015000
65.515000
66.015000
66.515000
67.015000
68.015000
68.515000
69.015000
69.515000
70.015000
70.515000
71.015000
72.015000
72.515000
73.015000
73.515000
74.015000
74.515000
75.015000
76.015000
76.515000
77.015000
77.515000
78.015000
78.515000
79.015000
80.015000
80.515000
81.015000
81.515000
82.015000
82.515000
83.015000
84.015000
84.515000
85.015000
85.515000
86.015000
86.515000
87.015000
88.015000
88.515000
89.015000
89.515000
90.015000
90.515000
91.015000
92.015000
92.515000
93.015000
93.515000
94.015000
94.515000
95.015000
96.015000
96.515000
97.015000
97.515000
98.015000
98.515000
99.015000
100.015000
100.515000
101.015000
101.515000
102.015000
102.515000
103.015000
104.015000
104.515000
105.015000
105.515000
106.015000
106.515000
107.015000
108.015000
108.515000
109.015000
109.515000
110.015000
110.515000
111.015000
112.015000
112.515000
113.015000
113.515000
114.015000
114.515000
115.015000
116.015000
116.515000
117.015000
117.515000
118.015000
118.515000
119.015000
120.015000
120.515000
121.015000
121.515000
122.015000
122.515000
123.015000
124.015000
124.515000
125.015000
125.515000
126.015000
126.515000
127.015000
128.015000
128.515000
129.015000
129.515000
130.015000
130.515000
131.015000
132.015000
132.515000
133.015000
133.515000
134.015000
134.515000
135.015000