0.001
0.481
0.961
1.441
1.921
2.401
2.881
3.361
3.841
4.321
4.801
5.281
5.761
6.241
6.721
7.201
7.681
8.161
8.641
9.121
9.601
10.081
10.561
11.041
11.521
12.001
12.481
12.961
13.441
13.921
14.401
14.881
15.361
15.841
16.321
16.801
17.281
17.761
18.241
18.721
19.201
19.681
20.161
20.641
21.121
21.601
22.081
22.561
23.041
23.521
24.001
24.481
24.961
25.441
25.921
26.401
26.881
27.361
27.841
28.321
28.801
29.281
29.761
30.241
30.721
31.201
31.681
32.161
32.641
33.121
33.601
34.081
34.561
35.041
35.521
36.001
36.481
36.961
37.441
37.921
38.401
38.881
39.361
39.841
40.321
40.801
41.281
41.761
42.241
42.721
43.201
43.681
44.161
44.641
45.121
45.601
46.081
46.561
47.041
47.521
48.001
48.481
48.961
49.441
49.921
50.401
50.881
51.361
51.841
52.321
52.801
53.281
53.761
54.241
54.721
55.201
55.681
56.161
56.641
57.121
57.601
58.081
58.561
59.041
59.521
60.001
60.481
60.961
61.441
61.921
62.401
62.881
63.361
63.841
64.321
64.801
65.281
65.761
66.241
66.721
67.201
67.681
68.161
68.641
69.121
69.601
70.081
70.561
71.041
71.521
72.001
72.481
72.961
73.441
73.921
74.401