0.001000
0.461538
0.923077
1.384615
1.846154
2.307692
2.769231
3.230769
3.692308
4.153846
4.615385
5.076923
5.538462
6.000000
6.461538
6.923077
7.384615
7.846154
8.307692
8.769231
9.230769
9.692308
10.153846
10.615385
11.076923
11.538462
12.000000
12.461538
12.923077
13.384615
13.846154
14.307692
14.769231
15.230769
15.692308
16.153846
16.615385
17.076923
17.538462
18.000000
18.461538
18.923077
19.384615
19.846154
20.307692
20.769231
21.230769
21.692308
22.153846
22.615385
23.076923
23.538462
24.000000
24.461538
24.923077
25.384615
25.846154
26.307692
26.769231
27.230769
27.692308
28.153846
28.615385
29.076923
29.538462
30.000000
30.461538
30.923077
31.384615
31.846154
32.307692
32.769231
33.230769
33.692308
34.153846
34.615385
35.076923
35.538462
36.000000
36.461538
36.923077
37.384615
37.846154
38.307692
38.769231
39.230769
39.692308
40.153846
40.615385
41.076923
41.538462
42.000000
42.461538
42.923077
43.384615
43.846154
44.307692
44.769231
45.230769
45.692308
46.153846
46.615385
47.076923
47.538462
48.000000
48.461538
48.923077
49.384615
49.846154
50.307692
50.769231
51.230769
51.692308
52.153846
52.615385
53.076923
53.538462
54.000000
54.461538
54.923077
55.384615
55.846154
56.307692
56.769231
57.230769
57.692308
58.153846
58.615385
59.076923
59.538462
60.000000
60.461538
60.923077
61.384615
61.846154
62.307692
62.769231
63.230769
63.692308
64.153846
64.615385
65.076923
65.538462
66.000000
66.461538
66.923077
67.384615
67.846154
68.307692
68.769231
69.230769
69.692308
70.153846
70.615385
71.076923
71.538462
72.000000
72.461538
72.923077
73.384615
73.846154
74.307692
74.769231
75.230769
75.692308
76.153846
76.615385
77.076923
77.538462
78.000000
78.461538
78.923077
79.384615
79.846154
80.307692
80.769231
81.230769
81.692308
82.153846
82.615385
83.076923
83.538462
84.000000
84.461538
84.923077
85.384615
85.846154
86.307692
86.769231
87.230769
87.692308
88.153846
88.615385
89.076923
89.538462
90.000000
90.461538
90.923077
91.384615
91.846154
92.307692
92.769231
93.230769
93.692308
94.153846
94.615385
95.076923
95.538462
96.000000
96.461538
96.923077
97.384615
97.846154
98.307692
98.769231
99.230769
99.692308
100.153846
100.615385
101.076923
101.538462
102.000000
102.461538
102.923077
103.384615
103.846154
104.307692
104.769231
105.230769
105.692308
106.153846
106.615385
107.076923
107.538462
108.000000
108.461538
108.923077
109.384615
109.846154
110.307692
110.769231
111.230769
111.692308
112.153846
112.615385
113.076923
113.538462
114.000000
114.461538
114.923077
115.384615
115.846154
116.307692
116.769231
117.230769
117.692308
118.153846
118.615385
119.076923
119.538462
120.000000
120.461538
120.923077
121.384615
121.846154
122.307692
122.769231
123.230769
123.692308
124.153846
124.615385
125.076923
125.538462
126.000000
126.461538
126.923077
127.384615
127.846154
128.307692
128.769231
129.230769
129.692308
130.153846
130.615385
131.076923
131.538462
132.000000
132.461538
132.923077
133.384615
133.846154
134.307692
134.769231
135.230769
135.692308
136.153846
136.615385
137.076923
137.538462
138.000000
138.461538
138.923077
139.384615
139.846154
140.307692
140.769231
141.230769
141.692308
142.153846
142.615385
143.076923
143.538462
144.000000
144.461538
144.923077
145.384615
145.846154
146.307692
146.769231
147.230769
147.692308
148.153846
148.615385
149.076923
149.538462
150.000000
150.461538
150.923077
151.384615
151.846154
152.307692
152.769231
153.230769
153.692308
154.153846
154.615385
155.076923
155.538462
156.000000
156.461538
156.923077
157.384615
157.846154
158.307692
158.769231
159.230769
159.692308
160.153846
160.615385
161.076923
161.538462
162.000000
162.461538
162.923077
163.384615
163.846154
164.307692
164.769231
165.230769
165.692308
166.153846
166.615385
167.076923
167.538462
168.000000
168.461538
168.923077
169.384615
169.846154
170.307692
170.769231
171.230769
171.692308
172.153846
172.615385
173.076923
173.538462
174.000000
174.461538
174.923077
175.384615
175.846154
176.307692
176.769231
177.230769
177.692308
178.153846
178.615385