0.001000
0.387097
0.774194
1.161290
1.548387
1.935484
2.322581
2.709677
3.096774
3.483871
3.870968
4.258065
4.645161
5.032258
5.419355
5.806452
6.193548
6.580645
6.967742
7.354839
7.741935
8.129032
8.516129
8.903226
9.290323
9.677419
10.064516
10.451613
10.838710
11.225806
11.612903
12.000000
12.387097
12.774194
13.161290
13.548387
13.935484
14.322581
14.709677
15.096774
15.483871
15.870968
16.258065
16.645161
17.032258
17.419355
17.806452
18.193548
18.580645
18.967742
19.354839
19.741935
20.129032
20.516129
20.903226
21.290323
21.677419
22.064516
22.451613
22.838710
23.225806
23.612903
24.000000
24.387097
24.774194
25.161290
25.548387
25.935484
26.322581
26.709677
27.096774
27.483871
27.870968
28.258065
28.645161
29.032258
29.419355
29.806452
30.193548
30.580645
30.967742
31.354839
31.741935
32.129032
32.516129
32.903226
33.290323
33.677419
34.064516
34.451613
34.838710
35.225806
35.612903
36.000000
36.387097
36.774194
37.161290
37.548387
37.935484
38.322581
38.709677
39.096774
39.483871
39.870968
40.258065
40.645161
41.032258
41.419355
41.806452
42.193548
42.580645
42.967742
43.354839
43.741935
44.129032
44.516129
44.903226
45.290323
45.677419
46.064516
46.451613
46.838710
47.225806
47.612903
48.000000
48.387097
48.774194
49.161290
49.548387
49.935484
50.322581
50.709677
51.096774
51.483871
51.870968
52.258065
52.645161
53.032258
53.419355
53.806452
54.193548
54.580645
54.967742
55.354839
55.741935
56.129032
56.516129
56.903226
57.290323
57.677419
58.064516
58.451613
58.838710
59.225806
59.612903
60.000000
60.387097
60.774194
61.161290
61.548387
61.935484
62.322581
62.709677
63.096774
63.483871
63.870968
64.258065
64.645161
65.032258
65.419355
65.806452
66.193548
66.580645
66.967742
67.354839
67.741935
68.129032
68.516129
68.903226
69.290323
69.677419
70.064516
70.451613
70.838710
71.225806
71.612903
72.000000
72.387097
72.774194
73.161290
73.548387
73.935484
74.322581
74.709677
75.096774
75.483871
75.870968
76.258065
76.645161
77.032258
77.419355
77.806452
78.193548
78.580645
78.967742
79.354839
79.741935
80.129032
80.516129
80.903226
81.290323
81.677419
82.064516
82.451613
82.838710
83.225806
83.612903
84.000000
84.387097
84.774194
85.161290
85.548387
85.935484
86.322581
86.709677
87.096774
87.483871
87.870968
88.258065
88.645161
89.032258
89.419355
89.806452
90.193548
90.580645
90.967742
91.354839
91.741935
92.129032
92.516129
92.903226
93.290323
93.677419
94.064516
94.451613
94.838710
95.225806
95.612903
96.000000
96.387097
96.774194
97.161290
97.548387
97.935484
98.322581
98.709677
99.096774
99.483871
99.870968
100.258065
100.645161
101.032258
101.419355
101.806452
102.193548
102.580645
102.967742
103.354839
103.741935
104.129032
104.516129
104.903226
105.290323
105.677419
106.064516
106.451613
106.838710
107.225806
107.612903
108.000000
108.387097
108.774194
109.161290
109.548387
109.935484
110.322581
110.709677
111.096774
111.483871
111.870968
112.258065
112.645161
113.032258
113.419355
113.806452
114.193548
114.580645
114.967742
115.354839
115.741935
116.129032
116.516129
116.903226
117.290323
117.677419
118.064516
118.451613
118.838710
119.225806
119.612903
120.000000
120.387097
120.774194
121.161290
121.548387
121.935484
122.322581
122.709677
123.096774
123.483871
123.870968
124.258065
124.645161
125.032258
125.419355
125.806452
126.193548
126.580645
126.967742
127.354839
127.741935
128.129032
128.516129
128.903226
129.290323
129.677419
130.064516
130.451613
130.838710
131.225806
131.612903
132.000000
132.387097
132.774194
133.161290
133.548387
133.935484
134.322581
134.709677
135.096774
135.483871
135.870968
136.258065
136.645161
137.032258
137.419355
137.806452
138.193548
138.580645
138.967742
139.354839
139.741935
140.129032
140.516129
140.903226
141.290323
141.677419
142.064516
142.451613
142.838710
143.225806
143.612903
144.000000
144.387097
144.774194
145.161290
145.548387
145.935484
146.322581
146.709677
147.096774
147.483871
147.870968
148.258065
148.645161
149.032258
149.419355
149.806452
150.193548
150.580645
150.967742
151.354839
151.741935
152.129032
152.516129
152.903226
153.290323
153.677419
154.064516
154.451613
154.838710
155.225806
155.612903
156.000000
156.387097
156.774194
157.161290
157.548387
157.935484
158.322581
158.709677
159.096774
159.483871
159.870968
160.258065
160.645161
161.032258
161.419355
161.806452
162.193548
162.580645
162.967742
163.354839
163.741935
164.129032
164.516129
164.903226
165.290323
165.677419
166.064516
166.451613
166.838710
167.225806
167.612903
168.000000
168.387097
168.774194
169.161290
169.548387
169.935484
170.322581
170.709677
171.096774
171.483871
171.870968
172.258065
172.645161
173.032258
173.419355
173.806452
174.193548
174.580645
174.967742
175.354839
175.741935
176.129032
176.516129